-1.824456657389628162e+03 -3.454903953659818399e+03
3.390200569270597043e+03 -2.466017655617164110e+03
1.880542666859003475e+03 -3.911180053250914170e+03
4.760510513822520807e+03 -1.993258057213415213e+03
-1.020073255851305021e+03 -1.829334692884688593e+03
4.587773638425989702e+03 -4.000659760428449772e+03
1.172400748472638043e+03 9.285545623704501850e+02
-1.735725702060430194e+03 1.863017750757697286e+03
-4.211557258785442173e+03 4.822728508557338500e+01
-2.073363359203262007e+03 -4.795994767479509392e+03
-1.196530056029288062e+03 -4.219695286274210957e+03
2.740781910773758682e+03 9.430921312051095811e+02
-3.342129700116051936e+03 3.921240178517260574e+03
-2.825927080155391650e+03 1.196689070857141814e+03
-6.103192502262709240e+02 1.767885701414648793e+03
3.341862212973273927e+03 -2.473559045300095477e+03
2.373063208334212504e+03 -4.149759272022130062e+03
3.613322856129429056e+03 -4.934767414202137843e+03
