0.000000000000000000e+00 2.447319999999999709e+02 2.062032999999999902e+03 6.656769999999999072e+02 1.060525999999999840e+03 1.248333999999999833e+03 2.908876999999999953e+03 3.026181000000000040e+03 4.201298000000000684e+03 5.980353000000000975e+03
2.447320000000000277e+02 0.000000000000000000e+00 1.819209000000000287e+03 7.460209999999999582e+02 8.177019999999999982e+02 1.134035999999999831e+03 3.106262000000000171e+03 3.223566000000000258e+03 3.958474000000000160e+03 5.737528999999999542e+03
2.062032999999999447e+03 1.819208999999999833e+03 0.000000000000000000e+00 2.063320999999999913e+03 1.016129999999999995e+03 2.690976000000000568e+03 3.922651999999999589e+03 4.039955999999999676e+03 2.410831999999999880e+03 4.189886999999998807e+03
6.656769999999999072e+02 7.460210000000000719e+02 2.063320999999999913e+03 0.000000000000000000e+00 1.061813999999999851e+03 1.829507999999999583e+03 2.369805000000000291e+03 2.487108999999999924e+03 4.202007000000000517e+03 5.981062000000000808e+03
1.060525999999999840e+03 8.177019999999998845e+02 1.016129999999999882e+03 1.061814000000000078e+03 0.000000000000000000e+00 1.689469000000000051e+03 3.402625999999999749e+03 3.519929999999999836e+03 3.218270000000000437e+03 4.997324999999998909e+03
1.248333999999999833e+03 1.134036000000000058e+03 2.690975999999999658e+03 1.829508000000000266e+03 1.689468999999999824e+03 0.000000000000000000e+00 4.148487999999999374e+03 4.265792000000000371e+03 4.830241000000000895e+03 6.609296000000001186e+03
2.868856000000000222e+03 3.066240999999999985e+03 3.895765000000000327e+03 2.329784000000000106e+03 3.177510999999999513e+03 4.108466999999999643e+03 0.000000000000000000e+00 6.004820000000000846e+02 5.712088999999999032e+03 7.491143999999999323e+03
2.986563999999999851e+03 3.183948999999999614e+03 4.013473000000000866e+03 2.447491999999999734e+03 3.295219000000000051e+03 4.226174999999999272e+03 4.968940000000000055e+02 0.000000000000000000e+00 5.829796999999999571e+03 7.608851999999999862e+03
4.196826999999999316e+03 3.954002999999998792e+03 2.411018999999999778e+03 4.198114999999999782e+03 3.213798999999998614e+03 4.825769999999999527e+03 5.706396999999999935e+03 5.823701000000000022e+03 0.000000000000000000e+00 1.942991000000000213e+03
6.023473000000002685e+03 5.780649000000002161e+03 4.237664999999999054e+03 6.024761000000000422e+03 5.040445000000000618e+03 6.652416000000001986e+03 7.533042999999998756e+03 7.650346999999999753e+03 1.942227999999999838e+03 0.000000000000000000e+00
