3.470000000000000000e+02
3.100000000000000000e+02
8.300000000000000000e+01
1.940000000000000000e+02
3.730000000000000000e+02
5.930000000000000000e+02
4.710000000000000000e+02
5.930000000000000000e+02
6.190000000000000000e+02
6.190000000000000000e+02
7.030000000000000000e+02
4.860000000000000000e+02
5.030000000000000000e+02
5.970000000000000000e+02
0.000000000000000000e+00
4.020000000000000000e+02
3.610000000000000000e+02
6.000000000000000000e+02
4.690000000000000000e+02
3.930000000000000000e+02
5.050000000000000000e+02
2.980000000000000000e+02
5.620000000000000000e+02
3.680000000000000000e+02
2.690000000000000000e+02
5.300000000000000000e+01
1.560000000000000000e+02
1.000000000000000000e+02
2.930000000000000000e+02
2.250000000000000000e+02
3.710000000000000000e+02
1.800000000000000000e+02
3.000000000000000000e+01
1.650000000000000000e+02
3.710000000000000000e+02
1.250000000000000000e+02
1.890000000000000000e+02
2.340000000000000000e+02
6.060000000000000000e+02
5.400000000000000000e+02
3.040000000000000000e+02
2.340000000000000000e+02
2.950000000000000000e+02
5.590000000000000000e+02
1.540000000000000000e+02
6.830000000000000000e+02
6.460000000000000000e+02
4.190000000000000000e+02
3.870000000000000000e+02
2.030000000000000000e+02
4.650000000000000000e+02
3.000000000000000000e+02
2.860000000000000000e+02
2.190000000000000000e+02
3.180000000000000000e+02
1.830000000000000000e+02
2.720000000000000000e+02
2.890000000000000000e+02
1.070000000000000000e+02
1.720000000000000000e+02
5.400000000000000000e+01
2.150000000000000000e+02
0.000000000000000000e+00
1.200000000000000000e+02
3.720000000000000000e+02
4.100000000000000000e+02
1.260000000000000000e+02
7.610000000000000000e+02
6.880000000000000000e+02
6.650000000000000000e+02
5.160000000000000000e+02
4.670000000000000000e+02
4.190000000000000000e+02
4.190000000000000000e+02
3.710000000000000000e+02
3.190000000000000000e+02
3.000000000000000000e+01
4.350000000000000000e+02
1.650000000000000000e+02
2.300000000000000000e+02
1.530000000000000000e+03
1.490000000000000000e+02
6.240000000000000000e+02
0.000000000000000000e+00
3.570000000000000000e+02
3.870000000000000000e+02
2.310000000000000000e+02
