-7.026984595485436103e+01 -2.741180252846426413e+01
-7.027184729354669912e+01 -2.741048259142495880e+01
-7.028497273286960478e+01 -2.740780500208329329e+01
-7.027423181640514827e+01 -2.741538504883328997e+01
-7.027820901615260141e+01 -2.741104731842852971e+01
-7.026660194845652541e+01 -2.740244588157137784e+01
-7.026137087443319729e+01 -2.742061962816662302e+01
-7.026165794122249508e+01 -2.741907958168572890e+01
-7.029991732243328784e+01 -2.739448208262883355e+01
-7.030406273945867213e+01 -2.738063516752827908e+01
