-7.026485807700001374e+01 -2.740048698449993481e+01
-7.026511418803568176e+01 -2.740084553049993588e+01
-7.026656430710552570e+01 -2.740285647199993946e+01
-7.026736456712728796e+01 -2.740395373999996309e+01
-7.026914511690952736e+01 -2.740501177449996817e+01
-7.028314773434865970e+01 -2.740589994949993979e+01
-7.026888773304933977e+01 -2.740608474499995850e+01
-7.028295017772514086e+01 -2.740612645799996017e+01
-7.028224137120885473e+01 -2.740665707399995199e+01
-7.028262476028997696e+01 -2.740669037249998041e+01
-7.029030368872983559e+01 -2.740895483149995471e+01
-7.028468174981242100e+01 -2.740712678099995969e+01
-7.026998695685679763e+01 -2.740730364799995300e+01
-7.026875228148375641e+01 -2.740722504549995620e+01
-7.028476604239654080e+01 -2.740767280849996723e+01
-7.027062250477317207e+01 -2.740786926349994701e+01
-7.028319072268419632e+01 -2.740786191299997654e+01
-7.028832762091172981e+01 -2.740814629249996415e+01
-7.028850496396486847e+01 -2.740845987349996449e+01
-7.026982286477314688e+01 -2.740848182299995983e+01
-7.028808903237015215e+01 -2.740908777949994146e+01
-7.027026038832207178e+01 -2.740908463299993514e+01
-7.028925355457737112e+01 -2.740894565349995560e+01
-7.028681355618900284e+01 -2.740888777449995928e+01
-7.027091558804090710e+01 -2.740962672949996204e+01
-7.027118716719625979e+01 -2.740993931949995499e+01
-7.027177855507429172e+01 -2.740993155699996464e+01
-7.027159334731227602e+01 -2.741113611349996404e+01
-7.027395485143820508e+01 -2.741100857899994026e+01
-7.027912531842699195e+01 -2.741090825449995805e+01
-7.027442299240294687e+01 -2.741134800299997210e+01
-7.027060031572483467e+01 -2.741151404449996676e+01
-7.027899274149388020e+01 -2.741115265599995610e+01
-7.027683699971997555e+01 -2.741144370599997160e+01
-7.027485090963864423e+01 -2.741177098899996167e+01
-7.027279162011598146e+01 -2.741156597199997691e+01
-7.027328113308988122e+01 -2.741193956149996325e+01
-7.027770299694961409e+01 -2.741248194349995515e+01
-7.027599619527674690e+01 -2.741228612349996752e+01
-7.027455441271820291e+01 -2.741266227599996341e+01
-7.027230429985080207e+01 -2.741249557349996735e+01
-7.027820745138220104e+01 -2.741274044699994761e+01
-7.027276968510435040e+01 -2.741266841899997075e+01
-7.028129923563233206e+01 -2.741294593149996217e+01
-7.027892400043043608e+01 -2.741279159199996229e+01
-7.027624320182931683e+01 -2.741322583149997172e+01
-7.027693364371201312e+01 -2.741333712249993937e+01
-7.027395530150380409e+01 -2.741352325299996551e+01
-7.027092693308851779e+01 -2.741338819999995735e+01
-7.027482862177106426e+01 -2.741402605049995600e+01
-7.027944712169994546e+01 -2.741410643449995632e+01
-7.027299752493613028e+01 -2.741416533899996466e+01
-7.027578554685450740e+01 -2.741425326999996059e+01
-7.027385214340328901e+01 -2.741478862999994703e+01
-7.027623051064097126e+01 -2.741490763199993808e+01
-7.027413317480963428e+01 -2.741521236599996314e+01
-7.027249883461664126e+01 -2.741516684099994450e+01
-7.027598075200556593e+01 -2.741600520899996241e+01
-7.027282969873428442e+01 -2.741551988349996805e+01
-7.027446696383958624e+01 -2.741566251849994273e+01
-7.027316255446444870e+01 -2.741589777349997803e+01
-7.027485893250698723e+01 -2.741606850949995078e+01
-7.027353406515189249e+01 -2.741631995599996685e+01
-7.027478913614619671e+01 -2.741673238099994592e+01
-7.027509287055305265e+01 -2.741743658999993727e+01
-7.025984370179230609e+01 -2.742191402749995177e+01
-7.026292448202060825e+01 -2.741976481749995287e+01
-7.028141133778144933e+01 -2.740539312349997658e+01
-7.028188662334341075e+01 -2.740609148249995997e+01
-7.027629337467003268e+01 -2.740736960599994632e+01
-7.027746151088328475e+01 -2.740805190799997604e+01
-7.027783403941194251e+01 -2.740830253649994575e+01
-7.027820760500216579e+01 -2.740859689399997023e+01
-7.027856127934794017e+01 -2.740887755799994352e+01
-7.027718143399329165e+01 -2.740907942099994443e+01
-7.027779436304919614e+01 -2.741011535999996340e+01
-7.027846637954172593e+01 -2.741077880449995519e+01
-7.028119620031714021e+01 -2.741118499899997119e+01
-7.027278851924995706e+01 -2.741053265249996684e+01
-7.027333495739731006e+01 -2.741082170199996426e+01
-7.028509973613206796e+01 -2.741153273949993263e+01
-7.028447337528044159e+01 -2.740934891599997059e+01
-7.028174314390685140e+01 -2.740760621449996393e+01
-7.026134443948669173e+01 -2.742018003949996796e+01
-7.026427964996832998e+01 -2.739788192449995563e+01
-7.027262165063635280e+01 -2.741858240049995743e+01
-7.027968424643457013e+01 -2.741221655749995989e+01
