1.719132477633420422e+02 -3.418757436375489306e+03
-4.388816275496419621e+03 1.558517423111152311e+01
6.642337519876318765e+02 1.367465685223482069e+03
6.922813589835232051e+02 5.409401107908233826e+02
-4.152953160234706957e+03 -2.384987442178521178e+03
1.612353066072155343e+03 2.153533270750247539e+03
-3.818062089304413803e+03 -2.051463762430453244e+03
4.911999256183065881e+03 4.954831401681629359e+03
2.764616526985439123e+03 -2.649472770035424674e+03
-3.311874775633734316e+03 1.838750270321832431e+03
-3.009620158279966745e+03 -4.039071807492231528e+03
4.548998714937080877e+03 6.133012473111020881e+02
